(kicad_pcb (version 20171130) (host pcbnew 5.1.5-52549c5~84~ubuntu18.04.1)

  (general
    (thickness 1.6)
    (drawings 16)
    (tracks 88)
    (zones 0)
    (modules 16)
    (nets 40)
  )

  (page A4)
  (layers
    (0 F.Cu signal)
    (31 B.Cu signal)
    (32 B.Adhes user)
    (33 F.Adhes user)
    (34 B.Paste user)
    (35 F.Paste user)
    (36 B.SilkS user)
    (37 F.SilkS user)
    (38 B.Mask user)
    (39 F.Mask user)
    (40 Dwgs.User user)
    (41 Cmts.User user)
    (42 Eco1.User user)
    (43 Eco2.User user)
    (44 Edge.Cuts user)
    (45 Margin user)
    (46 B.CrtYd user)
    (47 F.CrtYd user)
    (48 B.Fab user)
    (49 F.Fab user)
  )

  (setup
    (last_trace_width 0.25)
    (trace_clearance 0.2)
    (zone_clearance 0.508)
    (zone_45_only no)
    (trace_min 0.2)
    (via_size 0.8)
    (via_drill 0.4)
    (via_min_size 0.4)
    (via_min_drill 0.3)
    (uvia_size 0.3)
    (uvia_drill 0.1)
    (uvias_allowed no)
    (uvia_min_size 0.2)
    (uvia_min_drill 0.1)
    (edge_width 0.05)
    (segment_width 0.2)
    (pcb_text_width 0.3)
    (pcb_text_size 1.5 1.5)
    (mod_edge_width 0.12)
    (mod_text_size 1 1)
    (mod_text_width 0.15)
    (pad_size 1.524 1.524)
    (pad_drill 0.762)
    (pad_to_mask_clearance 0.051)
    (solder_mask_min_width 0.25)
    (aux_axis_origin 0 0)
    (visible_elements FFFFFF7F)
    (pcbplotparams
      (layerselection 0x010fc_ffffffff)
      (usegerberextensions false)
      (usegerberattributes false)
      (usegerberadvancedattributes false)
      (creategerberjobfile false)
      (excludeedgelayer true)
      (linewidth 0.100000)
      (plotframeref false)
      (viasonmask false)
      (mode 1)
      (useauxorigin false)
      (hpglpennumber 1)
      (hpglpenspeed 20)
      (hpglpendiameter 15.000000)
      (psnegative false)
      (psa4output false)
      (plotreference true)
      (plotvalue true)
      (plotinvisibletext false)
      (padsonsilk false)
      (subtractmaskfromsilk false)
      (outputformat 1)
      (mirror false)
      (drillshape 1)
      (scaleselection 1)
      (outputdirectory ""))
  )

  (net 0 "")
  (net 1 +5V)
  (net 2 GND)
  (net 3 "Net-(D1-Pad1)")
  (net 4 "Net-(D2-Pad1)")
  (net 5 "Net-(U1-Pad17)")
  (net 6 "Net-(U1-Pad18)")
  (net 7 "Net-(U1-Pad19)")
  (net 8 "Net-(U1-Pad20)")
  (net 9 "Net-(U1-Pad16)")
  (net 10 "Net-(U1-Pad15)")
  (net 11 "Net-(U1-Pad14)")
  (net 12 "Net-(U1-Pad22)")
  (net 13 "Net-(U1-Pad23)")
  (net 14 "Net-(U1-Pad24)")
  (net 15 "Net-(U1-Pad25)")
  (net 16 "Net-(U1-Pad26)")
  (net 17 "Net-(U1-Pad27)")
  (net 18 "Net-(U1-Pad28)")
  (net 19 "Net-(U1-Pad29)")
  (net 20 "Net-(U1-Pad30)")
  (net 21 "Net-(U1-Pad31)")
  (net 22 "Net-(U1-Pad34)")
  (net 23 "Net-(U1-Pad35)")
  (net 24 "Net-(U1-Pad36)")
  (net 25 "Net-(U1-Pad37)")
  (net 26 "Net-(U1-Pad11)")
  (net 27 "Net-(U1-Pad10)")
  (net 28 "Net-(U1-Pad9)")
  (net 29 "Net-(U1-Pad8)")
  (net 30 "Net-(D2-Pad2)")
  (net 31 "Net-(U1-Pad3)")
  (net 32 "Net-(U1-Pad2)")
  (net 33 "Net-(J2-Pad2)")
  (net 34 "Net-(J2-Pad3)")
  (net 35 "Net-(J3-Pad2)")
  (net 36 "Net-(J4-Pad2)")
  (net 37 "Net-(R3-Pad1)")
  (net 38 "Net-(J5-Pad2)")
  (net 39 "Net-(J5-Pad3)")

  (net_class Default "This is the default net class."
    (clearance 0.2)
    (trace_width 0.25)
    (via_dia 0.8)
    (via_drill 0.4)
    (uvia_dia 0.3)
    (uvia_drill 0.1)
    (add_net +5V)
    (add_net GND)
    (add_net "Net-(D1-Pad1)")
    (add_net "Net-(D2-Pad1)")
    (add_net "Net-(D2-Pad2)")
    (add_net "Net-(J2-Pad2)")
    (add_net "Net-(J2-Pad3)")
    (add_net "Net-(J3-Pad2)")
    (add_net "Net-(J4-Pad2)")
    (add_net "Net-(J5-Pad2)")
    (add_net "Net-(J5-Pad3)")
    (add_net "Net-(R3-Pad1)")
    (add_net "Net-(U1-Pad10)")
    (add_net "Net-(U1-Pad11)")
    (add_net "Net-(U1-Pad14)")
    (add_net "Net-(U1-Pad15)")
    (add_net "Net-(U1-Pad16)")
    (add_net "Net-(U1-Pad17)")
    (add_net "Net-(U1-Pad18)")
    (add_net "Net-(U1-Pad19)")
    (add_net "Net-(U1-Pad2)")
    (add_net "Net-(U1-Pad20)")
    (add_net "Net-(U1-Pad22)")
    (add_net "Net-(U1-Pad23)")
    (add_net "Net-(U1-Pad24)")
    (add_net "Net-(U1-Pad25)")
    (add_net "Net-(U1-Pad26)")
    (add_net "Net-(U1-Pad27)")
    (add_net "Net-(U1-Pad28)")
    (add_net "Net-(U1-Pad29)")
    (add_net "Net-(U1-Pad3)")
    (add_net "Net-(U1-Pad30)")
    (add_net "Net-(U1-Pad31)")
    (add_net "Net-(U1-Pad34)")
    (add_net "Net-(U1-Pad35)")
    (add_net "Net-(U1-Pad36)")
    (add_net "Net-(U1-Pad37)")
    (add_net "Net-(U1-Pad8)")
    (add_net "Net-(U1-Pad9)")
  )

  (module Resistor_SMD:R_1206_3216Metric_Pad1.42x1.75mm_HandSolder (layer B.Cu) (tedit 5B301BBD) (tstamp 5E059C09)
    (at 149.86 73.2425 270)
    (descr "Resistor SMD 1206 (3216 Metric), square (rectangular) end terminal, IPC_7351 nominal with elongated pad for handsoldering. (Body size source: http://www.tortai-tech.com/upload/download/2011102023233369053.pdf), generated with kicad-footprint-generator")
    (tags "resistor handsolder")
    (path /5E10E0F6)
    (attr smd)
    (fp_text reference R1 (at 3.5125 0 180) (layer B.SilkS)
      (effects (font (size 1 1) (thickness 0.15)) (justify mirror))
    )
    (fp_text value 220 (at 5.0125 0 180) (layer B.Fab)
      (effects (font (size 1 1) (thickness 0.15)) (justify mirror))
    )
    (fp_text user %R (at 3.5125 0 180) (layer B.Fab)
      (effects (font (size 1 1) (thickness 0.15)) (justify mirror))
    )
    (fp_line (start 2.45 -1.12) (end -2.45 -1.12) (layer B.CrtYd) (width 0.05))
    (fp_line (start 2.45 1.12) (end 2.45 -1.12) (layer B.CrtYd) (width 0.05))
    (fp_line (start -2.45 1.12) (end 2.45 1.12) (layer B.CrtYd) (width 0.05))
    (fp_line (start -2.45 -1.12) (end -2.45 1.12) (layer B.CrtYd) (width 0.05))
    (fp_line (start -0.602064 -0.91) (end 0.602064 -0.91) (layer B.SilkS) (width 0.12))
    (fp_line (start -0.602064 0.91) (end 0.602064 0.91) (layer B.SilkS) (width 0.12))
    (fp_line (start 1.6 -0.8) (end -1.6 -0.8) (layer B.Fab) (width 0.1))
    (fp_line (start 1.6 0.8) (end 1.6 -0.8) (layer B.Fab) (width 0.1))
    (fp_line (start -1.6 0.8) (end 1.6 0.8) (layer B.Fab) (width 0.1))
    (fp_line (start -1.6 -0.8) (end -1.6 0.8) (layer B.Fab) (width 0.1))
    (pad 2 smd roundrect (at 1.4875 0 270) (size 1.425 1.75) (layers B.Cu B.Paste B.Mask) (roundrect_rratio 0.175439)
      (net 3 "Net-(D1-Pad1)"))
    (pad 1 smd roundrect (at -1.4875 0 270) (size 1.425 1.75) (layers B.Cu B.Paste B.Mask) (roundrect_rratio 0.175439)
      (net 2 GND))
    (model ${KISYS3DMOD}/Resistor_SMD.3dshapes/R_1206_3216Metric.wrl
      (at (xyz 0 0 0))
      (scale (xyz 1 1 1))
      (rotate (xyz 0 0 0))
    )
  )

  (module Resistor_SMD:R_1206_3216Metric_Pad1.42x1.75mm_HandSolder (layer B.Cu) (tedit 5B301BBD) (tstamp 5E059C20)
    (at 130.81 73.4875 270)
    (descr "Resistor SMD 1206 (3216 Metric), square (rectangular) end terminal, IPC_7351 nominal with elongated pad for handsoldering. (Body size source: http://www.tortai-tech.com/upload/download/2011102023233369053.pdf), generated with kicad-footprint-generator")
    (tags "resistor handsolder")
    (path /5E10E0FC)
    (attr smd)
    (fp_text reference R2 (at 3.5125 0 180) (layer B.SilkS)
      (effects (font (size 1 1) (thickness 0.15)) (justify mirror))
    )
    (fp_text value 220 (at 5.0125 0 180) (layer B.Fab)
      (effects (font (size 1 1) (thickness 0.15)) (justify mirror))
    )
    (fp_text user %R (at 3.5125 0 180) (layer B.Fab)
      (effects (font (size 1 1) (thickness 0.15)) (justify mirror))
    )
    (fp_line (start 2.45 -1.12) (end -2.45 -1.12) (layer B.CrtYd) (width 0.05))
    (fp_line (start 2.45 1.12) (end 2.45 -1.12) (layer B.CrtYd) (width 0.05))
    (fp_line (start -2.45 1.12) (end 2.45 1.12) (layer B.CrtYd) (width 0.05))
    (fp_line (start -2.45 -1.12) (end -2.45 1.12) (layer B.CrtYd) (width 0.05))
    (fp_line (start -0.602064 -0.91) (end 0.602064 -0.91) (layer B.SilkS) (width 0.12))
    (fp_line (start -0.602064 0.91) (end 0.602064 0.91) (layer B.SilkS) (width 0.12))
    (fp_line (start 1.6 -0.8) (end -1.6 -0.8) (layer B.Fab) (width 0.1))
    (fp_line (start 1.6 0.8) (end 1.6 -0.8) (layer B.Fab) (width 0.1))
    (fp_line (start -1.6 0.8) (end 1.6 0.8) (layer B.Fab) (width 0.1))
    (fp_line (start -1.6 -0.8) (end -1.6 0.8) (layer B.Fab) (width 0.1))
    (pad 2 smd roundrect (at 1.4875 0 270) (size 1.425 1.75) (layers B.Cu B.Paste B.Mask) (roundrect_rratio 0.175439)
      (net 4 "Net-(D2-Pad1)"))
    (pad 1 smd roundrect (at -1.4875 0 270) (size 1.425 1.75) (layers B.Cu B.Paste B.Mask) (roundrect_rratio 0.175439)
      (net 2 GND))
    (model ${KISYS3DMOD}/Resistor_SMD.3dshapes/R_1206_3216Metric.wrl
      (at (xyz 0 0 0))
      (scale (xyz 1 1 1))
      (rotate (xyz 0 0 0))
    )
  )

  (module LED_THT:LED_D5.0mm (layer B.Cu) (tedit 5995936A) (tstamp 5E059B1A)
    (at 144.5 72.5 270)
    (descr "LED, diameter 5.0mm, 2 pins, http://cdn-reichelt.de/documents/datenblatt/A500/LL-504BC2E-009.pdf")
    (tags "LED diameter 5.0mm 2 pins")
    (path /5E10E0F0)
    (fp_text reference D1 (at 6 0 180) (layer B.SilkS)
      (effects (font (size 1 1) (thickness 0.15)) (justify mirror))
    )
    (fp_text value LED (at 1.27 -1.905 90) (layer B.Fab)
      (effects (font (size 1 1) (thickness 0.15)) (justify mirror))
    )
    (fp_text user %R (at 6 0 180) (layer B.Fab)
      (effects (font (size 0.8 0.8) (thickness 0.2)) (justify mirror))
    )
    (fp_line (start 4.5 3.25) (end -1.95 3.25) (layer B.CrtYd) (width 0.05))
    (fp_line (start 4.5 -3.25) (end 4.5 3.25) (layer B.CrtYd) (width 0.05))
    (fp_line (start -1.95 -3.25) (end 4.5 -3.25) (layer B.CrtYd) (width 0.05))
    (fp_line (start -1.95 3.25) (end -1.95 -3.25) (layer B.CrtYd) (width 0.05))
    (fp_line (start -1.29 1.545) (end -1.29 -1.545) (layer B.SilkS) (width 0.12))
    (fp_line (start -1.23 1.469694) (end -1.23 -1.469694) (layer B.Fab) (width 0.1))
    (fp_circle (center 1.27 0) (end 3.77 0) (layer B.SilkS) (width 0.12))
    (fp_circle (center 1.27 0) (end 3.77 0) (layer B.Fab) (width 0.1))
    (fp_arc (start 1.27 0) (end -1.29 -1.54483) (angle 148.9) (layer B.SilkS) (width 0.12))
    (fp_arc (start 1.27 0) (end -1.29 1.54483) (angle -148.9) (layer B.SilkS) (width 0.12))
    (fp_arc (start 1.27 0) (end -1.23 1.469694) (angle -299.1) (layer B.Fab) (width 0.1))
    (pad 2 thru_hole circle (at 2.54 0 270) (size 1.8 1.8) (drill 0.9) (layers *.Cu *.Mask)
      (net 1 +5V))
    (pad 1 thru_hole rect (at 0 0 270) (size 1.8 1.8) (drill 0.9) (layers *.Cu *.Mask)
      (net 3 "Net-(D1-Pad1)"))
    (model ${KISYS3DMOD}/LED_THT.3dshapes/LED_D5.0mm.wrl
      (at (xyz 0 0 0))
      (scale (xyz 1 1 1))
      (rotate (xyz 0 0 0))
    )
  )

  (module LED_THT:LED_D5.0mm (layer B.Cu) (tedit 5995936A) (tstamp 5E059B2C)
    (at 136.5 72.5 270)
    (descr "LED, diameter 5.0mm, 2 pins, http://cdn-reichelt.de/documents/datenblatt/A500/LL-504BC2E-009.pdf")
    (tags "LED diameter 5.0mm 2 pins")
    (path /5E10E10F)
    (fp_text reference D2 (at 6 0 180) (layer B.SilkS)
      (effects (font (size 1 1) (thickness 0.15)) (justify mirror))
    )
    (fp_text value LED (at 1.27 -1.905 90) (layer B.Fab)
      (effects (font (size 1 1) (thickness 0.15)) (justify mirror))
    )
    (fp_arc (start 1.27 0) (end -1.23 1.469694) (angle -299.1) (layer B.Fab) (width 0.1))
    (fp_arc (start 1.27 0) (end -1.29 1.54483) (angle -148.9) (layer B.SilkS) (width 0.12))
    (fp_arc (start 1.27 0) (end -1.29 -1.54483) (angle 148.9) (layer B.SilkS) (width 0.12))
    (fp_circle (center 1.27 0) (end 3.77 0) (layer B.Fab) (width 0.1))
    (fp_circle (center 1.27 0) (end 3.77 0) (layer B.SilkS) (width 0.12))
    (fp_line (start -1.23 1.469694) (end -1.23 -1.469694) (layer B.Fab) (width 0.1))
    (fp_line (start -1.29 1.545) (end -1.29 -1.545) (layer B.SilkS) (width 0.12))
    (fp_line (start -1.95 3.25) (end -1.95 -3.25) (layer B.CrtYd) (width 0.05))
    (fp_line (start -1.95 -3.25) (end 4.5 -3.25) (layer B.CrtYd) (width 0.05))
    (fp_line (start 4.5 -3.25) (end 4.5 3.25) (layer B.CrtYd) (width 0.05))
    (fp_line (start 4.5 3.25) (end -1.95 3.25) (layer B.CrtYd) (width 0.05))
    (fp_text user %R (at 6 0 180) (layer B.Fab)
      (effects (font (size 0.8 0.8) (thickness 0.2)) (justify mirror))
    )
    (pad 1 thru_hole rect (at 0 0 270) (size 1.8 1.8) (drill 0.9) (layers *.Cu *.Mask)
      (net 4 "Net-(D2-Pad1)"))
    (pad 2 thru_hole circle (at 2.54 0 270) (size 1.8 1.8) (drill 0.9) (layers *.Cu *.Mask)
      (net 30 "Net-(D2-Pad2)"))
    (model ${KISYS3DMOD}/LED_THT.3dshapes/LED_D5.0mm.wrl
      (at (xyz 0 0 0))
      (scale (xyz 1 1 1))
      (rotate (xyz 0 0 0))
    )
  )

  (module Capacitor_SMD:C_1206_3216Metric_Pad1.42x1.75mm_HandSolder (layer B.Cu) (tedit 5B301BBE) (tstamp 5E378ACB)
    (at 164.7375 114.5)
    (descr "Capacitor SMD 1206 (3216 Metric), square (rectangular) end terminal, IPC_7351 nominal with elongated pad for handsoldering. (Body size source: http://www.tortai-tech.com/upload/download/2011102023233369053.pdf), generated with kicad-footprint-generator")
    (tags "capacitor handsolder")
    (path /5E0B2B99)
    (attr smd)
    (fp_text reference C1 (at 0 1.82) (layer B.SilkS)
      (effects (font (size 1 1) (thickness 0.15)) (justify mirror))
    )
    (fp_text value 1uF (at 0 -1.82) (layer B.Fab)
      (effects (font (size 1 1) (thickness 0.15)) (justify mirror))
    )
    (fp_line (start -1.6 -0.8) (end -1.6 0.8) (layer B.Fab) (width 0.1))
    (fp_line (start -1.6 0.8) (end 1.6 0.8) (layer B.Fab) (width 0.1))
    (fp_line (start 1.6 0.8) (end 1.6 -0.8) (layer B.Fab) (width 0.1))
    (fp_line (start 1.6 -0.8) (end -1.6 -0.8) (layer B.Fab) (width 0.1))
    (fp_line (start -0.602064 0.91) (end 0.602064 0.91) (layer B.SilkS) (width 0.12))
    (fp_line (start -0.602064 -0.91) (end 0.602064 -0.91) (layer B.SilkS) (width 0.12))
    (fp_line (start -2.45 -1.12) (end -2.45 1.12) (layer B.CrtYd) (width 0.05))
    (fp_line (start -2.45 1.12) (end 2.45 1.12) (layer B.CrtYd) (width 0.05))
    (fp_line (start 2.45 1.12) (end 2.45 -1.12) (layer B.CrtYd) (width 0.05))
    (fp_line (start 2.45 -1.12) (end -2.45 -1.12) (layer B.CrtYd) (width 0.05))
    (fp_text user %R (at 0 0) (layer B.Fab)
      (effects (font (size 0.8 0.8) (thickness 0.12)) (justify mirror))
    )
    (pad 1 smd roundrect (at -1.4875 0) (size 1.425 1.75) (layers B.Cu B.Paste B.Mask) (roundrect_rratio 0.175439)
      (net 2 GND))
    (pad 2 smd roundrect (at 1.4875 0) (size 1.425 1.75) (layers B.Cu B.Paste B.Mask) (roundrect_rratio 0.175439)
      (net 1 +5V))
    (model ${KISYS3DMOD}/Capacitor_SMD.3dshapes/C_1206_3216Metric.wrl
      (at (xyz 0 0 0))
      (scale (xyz 1 1 1))
      (rotate (xyz 0 0 0))
    )
  )

  (module dmcginnis427:HC06 (layer B.Cu) (tedit 5E381737) (tstamp 5E3871B8)
    (at 120 106.5)
    (path /5E38CE65)
    (fp_text reference U2 (at 0 -13.462) (layer B.SilkS)
      (effects (font (size 1 1) (thickness 0.15)) (justify mirror))
    )
    (fp_text value HC06 (at 0 2.25) (layer B.Fab)
      (effects (font (size 1 1) (thickness 0.15)) (justify mirror))
    )
    (fp_line (start -5.06 1.25) (end 5.06 1.25) (layer B.SilkS) (width 0.12))
    (fp_line (start 5.06 1.25) (end 5.06 -1.25) (layer B.SilkS) (width 0.12))
    (fp_line (start 5.06 -1.25) (end -5.06 -1.25) (layer B.SilkS) (width 0.12))
    (fp_line (start -5.06 -1.25) (end -5.06 1.25) (layer B.SilkS) (width 0.12))
    (fp_line (start -2.54 1.25) (end -2.54 -1.25) (layer B.SilkS) (width 0.12))
    (fp_line (start -8.382 1.524) (end 8.382 1.524) (layer B.CrtYd) (width 0.05))
    (fp_line (start 8.382 1.524) (end 8.382 -36.068) (layer B.CrtYd) (width 0.05))
    (fp_line (start 8.382 -36.068) (end -8.382 -36.068) (layer B.CrtYd) (width 0.05))
    (fp_line (start -8.382 -36.068) (end -8.382 1.524) (layer B.CrtYd) (width 0.05))
    (fp_line (start -7.62 -30.48) (end 7.62 -30.48) (layer B.SilkS) (width 0.12))
    (fp_line (start 7.62 -30.48) (end 7.62 -35.56) (layer B.SilkS) (width 0.12))
    (fp_line (start 7.62 -35.56) (end -7.62 -35.56) (layer B.SilkS) (width 0.12))
    (fp_line (start -7.62 -35.56) (end -7.62 -30.48) (layer B.SilkS) (width 0.12))
    (fp_text user RXD (at -3.81 -3.048 270) (layer B.SilkS)
      (effects (font (size 1 1) (thickness 0.15)) (justify mirror))
    )
    (fp_text user TXD (at -1.27 -3.048 270) (layer B.SilkS)
      (effects (font (size 1 1) (thickness 0.15)) (justify mirror))
    )
    (fp_text user GND (at 1.27 -3.048 270) (layer B.SilkS)
      (effects (font (size 1 1) (thickness 0.15)) (justify mirror))
    )
    (fp_text user VCC (at 3.81 -3.048 270) (layer B.SilkS)
      (effects (font (size 1 1) (thickness 0.15)) (justify mirror))
    )
    (fp_line (start -8.128 1.27) (end -8.128 -35.814) (layer B.SilkS) (width 0.12))
    (fp_line (start -8.128 -35.814) (end 8.128 -35.814) (layer B.SilkS) (width 0.12))
    (fp_line (start 8.128 -35.814) (end 8.128 1.27) (layer B.SilkS) (width 0.12))
    (fp_line (start 8.128 1.27) (end 5.08 1.27) (layer B.SilkS) (width 0.12))
    (fp_line (start -8.128 1.27) (end -5.08 1.27) (layer B.SilkS) (width 0.12))
    (pad 1 thru_hole circle (at -3.81 0) (size 1.7 1.7) (drill 1) (layers *.Cu *.Mask)
      (net 31 "Net-(U1-Pad3)"))
    (pad 2 thru_hole circle (at -1.27 0) (size 1.7 1.7) (drill 1) (layers *.Cu *.Mask)
      (net 32 "Net-(U1-Pad2)"))
    (pad 3 thru_hole circle (at 1.27 0) (size 1.7 1.7) (drill 1) (layers *.Cu *.Mask)
      (net 2 GND))
    (pad 4 thru_hole circle (at 3.81 0) (size 1.7 1.7) (drill 1) (layers *.Cu *.Mask)
      (net 1 +5V))
  )

  (module TeensyFootprints:Teensy30_31_32_LC (layer F.Cu) (tedit 5E381F57) (tstamp 5E3882C9)
    (at 149.36 113.12 180)
    (path /5E0FAE95)
    (fp_text reference U1 (at -2.14 -0.88) (layer F.SilkS)
      (effects (font (size 1 1) (thickness 0.15)))
    )
    (fp_text value Teensy-LC (at 0 10.16) (layer F.Fab)
      (effects (font (size 1 1) (thickness 0.15)))
    )
    (fp_text user T3.2 (at -10.16 -2.54 90) (layer F.SilkS)
      (effects (font (size 1 1) (thickness 0.15)))
    )
    (fp_text user T3.1 (at -6.35 -2.54 90) (layer F.SilkS)
      (effects (font (size 1 1) (thickness 0.15)))
    )
    (fp_line (start -17.78 3.81) (end -19.05 3.81) (layer F.SilkS) (width 0.15))
    (fp_line (start -19.05 3.81) (end -19.05 -3.81) (layer F.SilkS) (width 0.15))
    (fp_line (start -19.05 -3.81) (end -17.78 -3.81) (layer F.SilkS) (width 0.15))
    (fp_line (start -6.35 5.08) (end -2.54 5.08) (layer F.SilkS) (width 0.15))
    (fp_line (start -2.54 5.08) (end -2.54 2.54) (layer F.SilkS) (width 0.15))
    (fp_line (start -2.54 2.54) (end -6.35 2.54) (layer F.SilkS) (width 0.15))
    (fp_line (start -6.35 2.54) (end -6.35 5.08) (layer F.SilkS) (width 0.15))
    (fp_line (start -12.7 3.81) (end -12.7 -3.81) (layer F.SilkS) (width 0.15))
    (fp_line (start -12.7 -3.81) (end -17.78 -3.81) (layer F.SilkS) (width 0.15))
    (fp_line (start -12.7 3.81) (end -17.78 3.81) (layer F.SilkS) (width 0.15))
    (fp_line (start -11.43 5.08) (end -8.89 5.08) (layer F.SilkS) (width 0.15))
    (fp_line (start -8.89 5.08) (end -8.89 2.54) (layer F.SilkS) (width 0.15))
    (fp_line (start -8.89 2.54) (end -11.43 2.54) (layer F.SilkS) (width 0.15))
    (fp_line (start -11.43 2.54) (end -11.43 5.08) (layer F.SilkS) (width 0.15))
    (fp_line (start 15.24 -2.54) (end 15.24 2.54) (layer F.SilkS) (width 0.15))
    (fp_line (start 15.24 2.54) (end 12.7 2.54) (layer F.SilkS) (width 0.15))
    (fp_line (start 12.7 2.54) (end 12.7 -2.54) (layer F.SilkS) (width 0.15))
    (fp_line (start 12.7 -2.54) (end 15.24 -2.54) (layer F.SilkS) (width 0.15))
    (fp_line (start 8.89 5.08) (end 8.89 -5.08) (layer F.SilkS) (width 0.15))
    (fp_line (start 0 -5.08) (end 0 5.08) (layer F.SilkS) (width 0.15))
    (fp_line (start 8.89 -5.08) (end 0 -5.08) (layer F.SilkS) (width 0.15))
    (fp_line (start 8.89 5.08) (end 0 5.08) (layer F.SilkS) (width 0.15))
    (fp_line (start -17.78 -8.89) (end 17.78 -8.89) (layer F.SilkS) (width 0.15))
    (fp_line (start 17.78 -8.89) (end 17.78 8.89) (layer F.SilkS) (width 0.15))
    (fp_line (start 17.78 8.89) (end -17.78 8.89) (layer F.SilkS) (width 0.15))
    (fp_line (start -17.78 8.89) (end -17.78 -8.89) (layer F.SilkS) (width 0.15))
    (fp_poly (pts (xy 3.937 2.921) (xy 3.683 2.667) (xy 4.064 2.413) (xy 4.318 2.667)) (layer F.SilkS) (width 0.1))
    (fp_poly (pts (xy 4.318 3.302) (xy 4.064 3.048) (xy 4.445 2.794) (xy 4.699 3.048)) (layer F.SilkS) (width 0.1))
    (fp_poly (pts (xy 4.953 2.159) (xy 4.699 1.905) (xy 5.08 1.651) (xy 5.334 1.905)) (layer F.SilkS) (width 0.1))
    (fp_poly (pts (xy 4.191 4.064) (xy 3.937 3.81) (xy 4.318 3.556) (xy 4.572 3.81)) (layer F.SilkS) (width 0.1))
    (fp_poly (pts (xy 4.445 2.54) (xy 4.191 2.286) (xy 4.572 2.032) (xy 4.826 2.286)) (layer F.SilkS) (width 0.1))
    (fp_poly (pts (xy 4.572 4.445) (xy 4.318 4.191) (xy 4.699 3.937) (xy 4.953 4.191)) (layer F.SilkS) (width 0.1))
    (fp_poly (pts (xy 3.81 3.683) (xy 3.556 3.429) (xy 3.937 3.175) (xy 4.191 3.429)) (layer F.SilkS) (width 0.1))
    (fp_poly (pts (xy 4.826 2.921) (xy 4.572 2.667) (xy 4.953 2.413) (xy 5.207 2.667)) (layer F.SilkS) (width 0.1))
    (fp_text user MK20DX256VLH7 (at 4.445 -2.794) (layer F.SilkS)
      (effects (font (size 0.7 0.7) (thickness 0.15)))
    )
    (fp_text user MKL26Z64VFT4 (at 4.445 -0.254) (layer F.SilkS)
      (effects (font (size 0.7 0.7) (thickness 0.15)))
    )
    (fp_text user MK20DX128VLH5 (at 4.445 -1.524) (layer F.SilkS)
      (effects (font (size 0.7 0.7) (thickness 0.15)))
    )
    (pad 17 connect circle (at 16.51 0 180) (size 1.6 1.6) (layers F.SilkS)
      (net 5 "Net-(U1-Pad17)"))
    (pad 18 connect circle (at 16.51 -2.54 180) (size 1.6 1.6) (layers F.SilkS)
      (net 6 "Net-(U1-Pad18)"))
    (pad 19 connect circle (at 16.51 -5.08 180) (size 1.6 1.6) (layers F.SilkS)
      (net 7 "Net-(U1-Pad19)"))
    (pad 20 thru_hole circle (at 16.51 -7.62 180) (size 1.6 1.6) (drill 1.1) (layers *.Cu *.Mask)
      (net 8 "Net-(U1-Pad20)"))
    (pad 16 connect circle (at 16.51 2.54 180) (size 1.6 1.6) (layers F.SilkS)
      (net 9 "Net-(U1-Pad16)"))
    (pad 15 connect circle (at 16.51 5.08 180) (size 1.6 1.6) (layers F.SilkS)
      (net 10 "Net-(U1-Pad15)"))
    (pad 14 thru_hole circle (at 16.51 7.62 180) (size 1.6 1.6) (drill 1.1) (layers *.Cu *.Mask)
      (net 11 "Net-(U1-Pad14)"))
    (pad 21 thru_hole circle (at 13.97 -7.62 180) (size 1.6 1.6) (drill 1.1) (layers *.Cu *.Mask)
      (net 36 "Net-(J4-Pad2)"))
    (pad 22 thru_hole circle (at 11.43 -7.62 180) (size 1.6 1.6) (drill 1.1) (layers *.Cu *.Mask)
      (net 12 "Net-(U1-Pad22)"))
    (pad 23 thru_hole circle (at 8.89 -7.62 180) (size 1.6 1.6) (drill 1.1) (layers *.Cu *.Mask)
      (net 13 "Net-(U1-Pad23)"))
    (pad 24 thru_hole circle (at 6.35 -7.62 180) (size 1.6 1.6) (drill 1.1) (layers *.Cu *.Mask)
      (net 14 "Net-(U1-Pad24)"))
    (pad 25 thru_hole circle (at 3.81 -7.62 180) (size 1.6 1.6) (drill 1.1) (layers *.Cu *.Mask)
      (net 15 "Net-(U1-Pad25)"))
    (pad 26 thru_hole circle (at 1.27 -7.62 180) (size 1.6 1.6) (drill 1.1) (layers *.Cu *.Mask)
      (net 16 "Net-(U1-Pad26)"))
    (pad 27 thru_hole circle (at -1.27 -7.62 180) (size 1.6 1.6) (drill 1.1) (layers *.Cu *.Mask)
      (net 17 "Net-(U1-Pad27)"))
    (pad 28 thru_hole circle (at -3.81 -7.62 180) (size 1.6 1.6) (drill 1.1) (layers *.Cu *.Mask)
      (net 18 "Net-(U1-Pad28)"))
    (pad 29 thru_hole circle (at -6.35 -7.62 180) (size 1.6 1.6) (drill 1.1) (layers *.Cu *.Mask)
      (net 19 "Net-(U1-Pad29)"))
    (pad 30 thru_hole circle (at -8.89 -7.62 180) (size 1.6 1.6) (drill 1.1) (layers *.Cu *.Mask)
      (net 20 "Net-(U1-Pad30)"))
    (pad 31 thru_hole circle (at -11.43 -7.62 180) (size 1.6 1.6) (drill 1.1) (layers *.Cu *.Mask)
      (net 21 "Net-(U1-Pad31)"))
    (pad 32 thru_hole circle (at -13.97 -7.62 180) (size 1.6 1.6) (drill 1.1) (layers *.Cu *.Mask)
      (net 2 GND))
    (pad 33 thru_hole circle (at -16.51 -7.62 180) (size 1.6 1.6) (drill 1.1) (layers *.Cu *.Mask)
      (net 1 +5V))
    (pad 34 connect circle (at -13.97 -5.08 180) (size 1.6 1.6) (layers F.SilkS)
      (net 22 "Net-(U1-Pad34)"))
    (pad 35 connect circle (at -8.89 -5.08 180) (size 1.6 1.6) (layers F.SilkS)
      (net 23 "Net-(U1-Pad35)"))
    (pad 36 connect circle (at -6.35 -5.08 180) (size 1.6 1.6) (layers F.SilkS)
      (net 24 "Net-(U1-Pad36)"))
    (pad 37 connect circle (at -3.81 -5.08 180) (size 1.6 1.6) (layers F.SilkS)
      (net 25 "Net-(U1-Pad37)"))
    (pad 13 thru_hole circle (at 13.97 7.62 180) (size 1.6 1.6) (drill 1.1) (layers *.Cu *.Mask)
      (net 34 "Net-(J2-Pad3)"))
    (pad 12 thru_hole circle (at 11.43 7.62 180) (size 1.6 1.6) (drill 1.1) (layers *.Cu *.Mask)
      (net 33 "Net-(J2-Pad2)"))
    (pad 11 thru_hole circle (at 8.89 7.62 180) (size 1.6 1.6) (drill 1.1) (layers *.Cu *.Mask)
      (net 26 "Net-(U1-Pad11)"))
    (pad 10 thru_hole circle (at 6.35 7.62 180) (size 1.6 1.6) (drill 1.1) (layers *.Cu *.Mask)
      (net 27 "Net-(U1-Pad10)"))
    (pad 9 thru_hole circle (at 3.81 7.62 180) (size 1.6 1.6) (drill 1.1) (layers *.Cu *.Mask)
      (net 28 "Net-(U1-Pad9)"))
    (pad 8 thru_hole circle (at 1.27 7.62 180) (size 1.6 1.6) (drill 1.1) (layers *.Cu *.Mask)
      (net 29 "Net-(U1-Pad8)"))
    (pad 7 thru_hole circle (at -1.27 7.62 180) (size 1.6 1.6) (drill 1.1) (layers *.Cu *.Mask)
      (net 39 "Net-(J5-Pad3)"))
    (pad 6 thru_hole circle (at -3.81 7.62 180) (size 1.6 1.6) (drill 1.1) (layers *.Cu *.Mask)
      (net 38 "Net-(J5-Pad2)"))
    (pad 5 thru_hole circle (at -6.35 7.62 180) (size 1.6 1.6) (drill 1.1) (layers *.Cu *.Mask)
      (net 37 "Net-(R3-Pad1)"))
    (pad 4 thru_hole circle (at -8.89 7.62 180) (size 1.6 1.6) (drill 1.1) (layers *.Cu *.Mask)
      (net 30 "Net-(D2-Pad2)"))
    (pad 3 thru_hole circle (at -11.43 7.62 180) (size 1.6 1.6) (drill 1.1) (layers *.Cu *.Mask)
      (net 31 "Net-(U1-Pad3)"))
    (pad 2 thru_hole circle (at -13.97 7.62 180) (size 1.6 1.6) (drill 1.1) (layers *.Cu *.Mask)
      (net 32 "Net-(U1-Pad2)"))
    (pad 1 thru_hole rect (at -16.51 7.62 180) (size 1.6 1.6) (drill 1.1) (layers *.Cu *.Mask)
      (net 2 GND))
    (pad 52 connect circle (at -6.35 0 180) (size 1.9 1.9) (layers F.SilkS))
    (pad 52 connect circle (at -10.16 0 180) (size 1.9 1.9) (layers F.SilkS))
  )

  (module dmcginnis427:StereoJack35 (layer B.Cu) (tedit 5E38395B) (tstamp 5E38AE34)
    (at 143.372 85.215)
    (path /5E39E774)
    (fp_text reference J2 (at 0.6 -5.9) (layer B.SilkS)
      (effects (font (size 1 1) (thickness 0.15)) (justify mirror))
    )
    (fp_text value StereoJack35 (at 0 6.7) (layer B.Fab)
      (effects (font (size 1 1) (thickness 0.15)) (justify mirror))
    )
    (fp_line (start -4.6 5.7) (end 4.1 5.7) (layer B.CrtYd) (width 0.05))
    (fp_line (start 4.1 5.7) (end 4.1 -4.6) (layer B.CrtYd) (width 0.05))
    (fp_line (start 4.1 -4.6) (end -4.6 -4.6) (layer B.CrtYd) (width 0.05))
    (fp_line (start -4.6 -4.6) (end -4.6 5.7) (layer B.CrtYd) (width 0.05))
    (fp_circle (center 0 0) (end 1.8 0) (layer B.SilkS) (width 0.12))
    (fp_line (start -4.5 5.6) (end 4 5.6) (layer B.SilkS) (width 0.12))
    (fp_line (start -4.5 5.6) (end -4.5 -4.5) (layer B.SilkS) (width 0.12))
    (fp_line (start -4.5 -4.5) (end 4 -4.5) (layer B.SilkS) (width 0.12))
    (fp_line (start 4 -4.5) (end 4 5.6) (layer B.SilkS) (width 0.12))
    (pad 1 thru_hole rect (at -3.5 -0.9) (size 1.5 2.7) (drill oval 0.8 2) (layers *.Cu *.Mask)
      (net 2 GND))
    (pad 2 thru_hole rect (at 0.9 4.4) (size 2.7 1.5) (drill oval 2 0.8) (layers *.Cu *.Mask)
      (net 33 "Net-(J2-Pad2)"))
    (pad 3 thru_hole rect (at 0.9 -3.3) (size 2.7 1.5) (drill oval 2 0.8) (layers *.Cu *.Mask)
      (net 34 "Net-(J2-Pad3)"))
  )

  (module dmcginnis427:StereoJack35 (layer B.Cu) (tedit 5E38395B) (tstamp 5E38AE44)
    (at 165.4065 85.2785)
    (path /5E39BDA6)
    (fp_text reference J3 (at 0.6 -5.9) (layer B.SilkS)
      (effects (font (size 1 1) (thickness 0.15)) (justify mirror))
    )
    (fp_text value StereoJack35 (at 0 6.7) (layer B.Fab)
      (effects (font (size 1 1) (thickness 0.15)) (justify mirror))
    )
    (fp_line (start 4 -4.5) (end 4 5.6) (layer B.SilkS) (width 0.12))
    (fp_line (start -4.5 -4.5) (end 4 -4.5) (layer B.SilkS) (width 0.12))
    (fp_line (start -4.5 5.6) (end -4.5 -4.5) (layer B.SilkS) (width 0.12))
    (fp_line (start -4.5 5.6) (end 4 5.6) (layer B.SilkS) (width 0.12))
    (fp_circle (center 0 0) (end 1.8 0) (layer B.SilkS) (width 0.12))
    (fp_line (start -4.6 -4.6) (end -4.6 5.7) (layer B.CrtYd) (width 0.05))
    (fp_line (start 4.1 -4.6) (end -4.6 -4.6) (layer B.CrtYd) (width 0.05))
    (fp_line (start 4.1 5.7) (end 4.1 -4.6) (layer B.CrtYd) (width 0.05))
    (fp_line (start -4.6 5.7) (end 4.1 5.7) (layer B.CrtYd) (width 0.05))
    (pad 3 thru_hole rect (at 0.9 -3.3) (size 2.7 1.5) (drill oval 2 0.8) (layers *.Cu *.Mask)
      (net 1 +5V))
    (pad 2 thru_hole rect (at 0.9 4.4) (size 2.7 1.5) (drill oval 2 0.8) (layers *.Cu *.Mask)
      (net 35 "Net-(J3-Pad2)"))
    (pad 1 thru_hole rect (at -3.5 -0.9) (size 1.5 2.7) (drill oval 0.8 2) (layers *.Cu *.Mask)
      (net 2 GND))
  )

  (module dmcginnis427:StereoJack35 (layer B.Cu) (tedit 5E38395B) (tstamp 5E38AE54)
    (at 133.085 85.215)
    (path /5E3A9AD9)
    (fp_text reference J4 (at 0.6 -5.9) (layer B.SilkS)
      (effects (font (size 1 1) (thickness 0.15)) (justify mirror))
    )
    (fp_text value StereoJack35 (at 0 6.7) (layer B.Fab)
      (effects (font (size 1 1) (thickness 0.15)) (justify mirror))
    )
    (fp_line (start -4.6 5.7) (end 4.1 5.7) (layer B.CrtYd) (width 0.05))
    (fp_line (start 4.1 5.7) (end 4.1 -4.6) (layer B.CrtYd) (width 0.05))
    (fp_line (start 4.1 -4.6) (end -4.6 -4.6) (layer B.CrtYd) (width 0.05))
    (fp_line (start -4.6 -4.6) (end -4.6 5.7) (layer B.CrtYd) (width 0.05))
    (fp_circle (center 0 0) (end 1.8 0) (layer B.SilkS) (width 0.12))
    (fp_line (start -4.5 5.6) (end 4 5.6) (layer B.SilkS) (width 0.12))
    (fp_line (start -4.5 5.6) (end -4.5 -4.5) (layer B.SilkS) (width 0.12))
    (fp_line (start -4.5 -4.5) (end 4 -4.5) (layer B.SilkS) (width 0.12))
    (fp_line (start 4 -4.5) (end 4 5.6) (layer B.SilkS) (width 0.12))
    (pad 1 thru_hole rect (at -3.5 -0.9) (size 1.5 2.7) (drill oval 0.8 2) (layers *.Cu *.Mask)
      (net 2 GND))
    (pad 2 thru_hole rect (at 0.9 4.4) (size 2.7 1.5) (drill oval 2 0.8) (layers *.Cu *.Mask)
      (net 36 "Net-(J4-Pad2)"))
    (pad 3 thru_hole rect (at 0.9 -3.3) (size 2.7 1.5) (drill oval 2 0.8) (layers *.Cu *.Mask)
      (net 1 +5V))
  )

  (module Resistor_SMD:R_1206_3216Metric_Pad1.42x1.75mm_HandSolder (layer B.Cu) (tedit 5B301BBD) (tstamp 5E38AE65)
    (at 165.3175 95.25)
    (descr "Resistor SMD 1206 (3216 Metric), square (rectangular) end terminal, IPC_7351 nominal with elongated pad for handsoldering. (Body size source: http://www.tortai-tech.com/upload/download/2011102023233369053.pdf), generated with kicad-footprint-generator")
    (tags "resistor handsolder")
    (path /5E398B72)
    (attr smd)
    (fp_text reference R3 (at 0 1.82) (layer B.SilkS)
      (effects (font (size 1 1) (thickness 0.15)) (justify mirror))
    )
    (fp_text value 1k (at 0 -1.82) (layer B.Fab)
      (effects (font (size 1 1) (thickness 0.15)) (justify mirror))
    )
    (fp_text user %R (at 0 0) (layer B.Fab)
      (effects (font (size 0.8 0.8) (thickness 0.12)) (justify mirror))
    )
    (fp_line (start 2.45 -1.12) (end -2.45 -1.12) (layer B.CrtYd) (width 0.05))
    (fp_line (start 2.45 1.12) (end 2.45 -1.12) (layer B.CrtYd) (width 0.05))
    (fp_line (start -2.45 1.12) (end 2.45 1.12) (layer B.CrtYd) (width 0.05))
    (fp_line (start -2.45 -1.12) (end -2.45 1.12) (layer B.CrtYd) (width 0.05))
    (fp_line (start -0.602064 -0.91) (end 0.602064 -0.91) (layer B.SilkS) (width 0.12))
    (fp_line (start -0.602064 0.91) (end 0.602064 0.91) (layer B.SilkS) (width 0.12))
    (fp_line (start 1.6 -0.8) (end -1.6 -0.8) (layer B.Fab) (width 0.1))
    (fp_line (start 1.6 0.8) (end 1.6 -0.8) (layer B.Fab) (width 0.1))
    (fp_line (start -1.6 0.8) (end 1.6 0.8) (layer B.Fab) (width 0.1))
    (fp_line (start -1.6 -0.8) (end -1.6 0.8) (layer B.Fab) (width 0.1))
    (pad 2 smd roundrect (at 1.4875 0) (size 1.425 1.75) (layers B.Cu B.Paste B.Mask) (roundrect_rratio 0.175439)
      (net 35 "Net-(J3-Pad2)"))
    (pad 1 smd roundrect (at -1.4875 0) (size 1.425 1.75) (layers B.Cu B.Paste B.Mask) (roundrect_rratio 0.175439)
      (net 37 "Net-(R3-Pad1)"))
    (model ${KISYS3DMOD}/Resistor_SMD.3dshapes/R_1206_3216Metric.wrl
      (at (xyz 0 0 0))
      (scale (xyz 1 1 1))
      (rotate (xyz 0 0 0))
    )
  )

  (module Resistor_SMD:R_1206_3216Metric_Pad1.42x1.75mm_HandSolder (layer B.Cu) (tedit 5B301BBD) (tstamp 5E38AE76)
    (at 143.2925 95.25)
    (descr "Resistor SMD 1206 (3216 Metric), square (rectangular) end terminal, IPC_7351 nominal with elongated pad for handsoldering. (Body size source: http://www.tortai-tech.com/upload/download/2011102023233369053.pdf), generated with kicad-footprint-generator")
    (tags "resistor handsolder")
    (path /5E388A59)
    (attr smd)
    (fp_text reference R4 (at 0 1.82) (layer B.SilkS)
      (effects (font (size 1 1) (thickness 0.15)) (justify mirror))
    )
    (fp_text value 10k (at 0 -1.82) (layer B.Fab)
      (effects (font (size 1 1) (thickness 0.15)) (justify mirror))
    )
    (fp_line (start -1.6 -0.8) (end -1.6 0.8) (layer B.Fab) (width 0.1))
    (fp_line (start -1.6 0.8) (end 1.6 0.8) (layer B.Fab) (width 0.1))
    (fp_line (start 1.6 0.8) (end 1.6 -0.8) (layer B.Fab) (width 0.1))
    (fp_line (start 1.6 -0.8) (end -1.6 -0.8) (layer B.Fab) (width 0.1))
    (fp_line (start -0.602064 0.91) (end 0.602064 0.91) (layer B.SilkS) (width 0.12))
    (fp_line (start -0.602064 -0.91) (end 0.602064 -0.91) (layer B.SilkS) (width 0.12))
    (fp_line (start -2.45 -1.12) (end -2.45 1.12) (layer B.CrtYd) (width 0.05))
    (fp_line (start -2.45 1.12) (end 2.45 1.12) (layer B.CrtYd) (width 0.05))
    (fp_line (start 2.45 1.12) (end 2.45 -1.12) (layer B.CrtYd) (width 0.05))
    (fp_line (start 2.45 -1.12) (end -2.45 -1.12) (layer B.CrtYd) (width 0.05))
    (fp_text user %R (at 0 0) (layer B.Fab)
      (effects (font (size 0.8 0.8) (thickness 0.12)) (justify mirror))
    )
    (pad 1 smd roundrect (at -1.4875 0) (size 1.425 1.75) (layers B.Cu B.Paste B.Mask) (roundrect_rratio 0.175439)
      (net 34 "Net-(J2-Pad3)"))
    (pad 2 smd roundrect (at 1.4875 0) (size 1.425 1.75) (layers B.Cu B.Paste B.Mask) (roundrect_rratio 0.175439)
      (net 33 "Net-(J2-Pad2)"))
    (model ${KISYS3DMOD}/Resistor_SMD.3dshapes/R_1206_3216Metric.wrl
      (at (xyz 0 0 0))
      (scale (xyz 1 1 1))
      (rotate (xyz 0 0 0))
    )
  )

  (module Resistor_SMD:R_1206_3216Metric_Pad1.42x1.75mm_HandSolder (layer B.Cu) (tedit 5B301BBD) (tstamp 5E38AE87)
    (at 165.3175 99.695 180)
    (descr "Resistor SMD 1206 (3216 Metric), square (rectangular) end terminal, IPC_7351 nominal with elongated pad for handsoldering. (Body size source: http://www.tortai-tech.com/upload/download/2011102023233369053.pdf), generated with kicad-footprint-generator")
    (tags "resistor handsolder")
    (path /5E399050)
    (attr smd)
    (fp_text reference R5 (at 0 1.82) (layer B.SilkS)
      (effects (font (size 1 1) (thickness 0.15)) (justify mirror))
    )
    (fp_text value 1.5k (at 0 -1.82) (layer B.Fab)
      (effects (font (size 1 1) (thickness 0.15)) (justify mirror))
    )
    (fp_line (start -1.6 -0.8) (end -1.6 0.8) (layer B.Fab) (width 0.1))
    (fp_line (start -1.6 0.8) (end 1.6 0.8) (layer B.Fab) (width 0.1))
    (fp_line (start 1.6 0.8) (end 1.6 -0.8) (layer B.Fab) (width 0.1))
    (fp_line (start 1.6 -0.8) (end -1.6 -0.8) (layer B.Fab) (width 0.1))
    (fp_line (start -0.602064 0.91) (end 0.602064 0.91) (layer B.SilkS) (width 0.12))
    (fp_line (start -0.602064 -0.91) (end 0.602064 -0.91) (layer B.SilkS) (width 0.12))
    (fp_line (start -2.45 -1.12) (end -2.45 1.12) (layer B.CrtYd) (width 0.05))
    (fp_line (start -2.45 1.12) (end 2.45 1.12) (layer B.CrtYd) (width 0.05))
    (fp_line (start 2.45 1.12) (end 2.45 -1.12) (layer B.CrtYd) (width 0.05))
    (fp_line (start 2.45 -1.12) (end -2.45 -1.12) (layer B.CrtYd) (width 0.05))
    (fp_text user %R (at 0 0) (layer B.Fab)
      (effects (font (size 0.8 0.8) (thickness 0.12)) (justify mirror))
    )
    (pad 1 smd roundrect (at -1.4875 0 180) (size 1.425 1.75) (layers B.Cu B.Paste B.Mask) (roundrect_rratio 0.175439)
      (net 2 GND))
    (pad 2 smd roundrect (at 1.4875 0 180) (size 1.425 1.75) (layers B.Cu B.Paste B.Mask) (roundrect_rratio 0.175439)
      (net 37 "Net-(R3-Pad1)"))
    (model ${KISYS3DMOD}/Resistor_SMD.3dshapes/R_1206_3216Metric.wrl
      (at (xyz 0 0 0))
      (scale (xyz 1 1 1))
      (rotate (xyz 0 0 0))
    )
  )

  (module dmcginnis427:StereoJack35 (layer B.Cu) (tedit 5E38395B) (tstamp 5E38B2D7)
    (at 154.2305 85.2785)
    (path /5E3B8383)
    (fp_text reference J5 (at 0.6 -5.9) (layer B.SilkS)
      (effects (font (size 1 1) (thickness 0.15)) (justify mirror))
    )
    (fp_text value StereoJack35 (at 0 6.7) (layer B.Fab)
      (effects (font (size 1 1) (thickness 0.15)) (justify mirror))
    )
    (fp_line (start -4.6 5.7) (end 4.1 5.7) (layer B.CrtYd) (width 0.05))
    (fp_line (start 4.1 5.7) (end 4.1 -4.6) (layer B.CrtYd) (width 0.05))
    (fp_line (start 4.1 -4.6) (end -4.6 -4.6) (layer B.CrtYd) (width 0.05))
    (fp_line (start -4.6 -4.6) (end -4.6 5.7) (layer B.CrtYd) (width 0.05))
    (fp_circle (center 0 0) (end 1.8 0) (layer B.SilkS) (width 0.12))
    (fp_line (start -4.5 5.6) (end 4 5.6) (layer B.SilkS) (width 0.12))
    (fp_line (start -4.5 5.6) (end -4.5 -4.5) (layer B.SilkS) (width 0.12))
    (fp_line (start -4.5 -4.5) (end 4 -4.5) (layer B.SilkS) (width 0.12))
    (fp_line (start 4 -4.5) (end 4 5.6) (layer B.SilkS) (width 0.12))
    (pad 1 thru_hole rect (at -3.5 -0.9) (size 1.5 2.7) (drill oval 0.8 2) (layers *.Cu *.Mask)
      (net 2 GND))
    (pad 2 thru_hole rect (at 0.9 4.4) (size 2.7 1.5) (drill oval 2 0.8) (layers *.Cu *.Mask)
      (net 38 "Net-(J5-Pad2)"))
    (pad 3 thru_hole rect (at 0.9 -3.3) (size 2.7 1.5) (drill oval 2 0.8) (layers *.Cu *.Mask)
      (net 39 "Net-(J5-Pad3)"))
  )

  (module Resistor_SMD:R_1206_3216Metric_Pad1.42x1.75mm_HandSolder (layer B.Cu) (tedit 5B301BBD) (tstamp 5E38B2E8)
    (at 154.024 95.25)
    (descr "Resistor SMD 1206 (3216 Metric), square (rectangular) end terminal, IPC_7351 nominal with elongated pad for handsoldering. (Body size source: http://www.tortai-tech.com/upload/download/2011102023233369053.pdf), generated with kicad-footprint-generator")
    (tags "resistor handsolder")
    (path /5E3B8BE3)
    (attr smd)
    (fp_text reference R6 (at 0 1.82) (layer B.SilkS)
      (effects (font (size 1 1) (thickness 0.15)) (justify mirror))
    )
    (fp_text value 10k (at 0 -1.82) (layer B.Fab)
      (effects (font (size 1 1) (thickness 0.15)) (justify mirror))
    )
    (fp_line (start -1.6 -0.8) (end -1.6 0.8) (layer B.Fab) (width 0.1))
    (fp_line (start -1.6 0.8) (end 1.6 0.8) (layer B.Fab) (width 0.1))
    (fp_line (start 1.6 0.8) (end 1.6 -0.8) (layer B.Fab) (width 0.1))
    (fp_line (start 1.6 -0.8) (end -1.6 -0.8) (layer B.Fab) (width 0.1))
    (fp_line (start -0.602064 0.91) (end 0.602064 0.91) (layer B.SilkS) (width 0.12))
    (fp_line (start -0.602064 -0.91) (end 0.602064 -0.91) (layer B.SilkS) (width 0.12))
    (fp_line (start -2.45 -1.12) (end -2.45 1.12) (layer B.CrtYd) (width 0.05))
    (fp_line (start -2.45 1.12) (end 2.45 1.12) (layer B.CrtYd) (width 0.05))
    (fp_line (start 2.45 1.12) (end 2.45 -1.12) (layer B.CrtYd) (width 0.05))
    (fp_line (start 2.45 -1.12) (end -2.45 -1.12) (layer B.CrtYd) (width 0.05))
    (fp_text user %R (at 0 0) (layer B.Fab)
      (effects (font (size 0.8 0.8) (thickness 0.12)) (justify mirror))
    )
    (pad 1 smd roundrect (at -1.4875 0) (size 1.425 1.75) (layers B.Cu B.Paste B.Mask) (roundrect_rratio 0.175439)
      (net 39 "Net-(J5-Pad3)"))
    (pad 2 smd roundrect (at 1.4875 0) (size 1.425 1.75) (layers B.Cu B.Paste B.Mask) (roundrect_rratio 0.175439)
      (net 38 "Net-(J5-Pad2)"))
